18546692
18546693
18546694
18546695
18546696
18546697
18546698
18546699
18546700
18546701
18546702
18546703
18546704
18546705
18546706
18546707
18546708
18546709
18546710
18546711
18546712
18546713
18546714
18546715
18546716
18546717
18546718
18546719
18546720
18546721
18546722
18546723
18546724
18546725
18546726
18546727
18546728
18546729
18546730
18546731
18546732
18546733
18546734
18546735
18546736
18546737
18546738
18546739
18546740
18546741
18546742
18546743
18546744
18546745
18546746
18546747
18546748
18546749
18546750
18546751
18546752
18546753
18546754
18546755
18546756
18546757
18546758
18546759
18546760
18546761
18546762
18546763
18546764
18546765
18546766
18546767
18546768
18546769
18546770
18546771
18546772
18546773
18546774